0.00000000100000000000 0.99999999900000002828 
0.00000000100000000000 0.99999999900000002828 
0.00010818409920142392 0.99989181590079856399 
0.00000000100000000000 0.99999999900000002828 
0.00000000100000000000 0.99999999900000002828 
0.37434762442635616253 0.62565237557364383747 
0.99999999900000002828 0.00000000100000000000 
0.36562657112201663034 0.63437342887798342517 
0.99999999900000002828 0.00000000100000000000 
0.63354921294706578738 0.36645078705293410160 
0.16666854495939309455 0.83333145504060690545 
0.00000000100000000000 0.99999999900000002828 
0.99999999900000002828 0.00000000100000000000 
0.99999999900000002828 0.00000000100000000000 
0.99999999900000002828 0.00000000100000000000 
0.99999999900000002828 0.00000000100000000000 
0.99999999900000002828 0.00000000100000000000 
0.99999999900000002828 0.00000000100000000000 
0.25140870286595201621 0.74859129713404803930 
0.69638800543897128037 0.30361199456102866412 
0.32499534234285970546 0.67500465765714035005 
0.30818479059023790034 0.69181520940976215517 
0.33185001463799623789 0.66814998536200387313 
0.34823663446181868375 0.65176336553818137176 
0.12810789118000481812 0.87189210881999512637 
0.35072357150648947322 0.64927642849351052678 
0.36778957263643746733 0.63221042736356258818 
0.38050786215087994968 0.61949213784911993930 
0.37328470951716019588 0.62671529048283969310 
0.00000000100000000000 0.99999999900000002828 
0.99999999900000002828 0.00000000100000000000 
0.94027679347679427035 0.05972320652320566026 
0.04827889519059357093 0.95172110480940630417 
0.37008294182911655179 0.62991705817088339270 
0.12839599732675702204 0.87160400267324300572 
0.16089337047981622231 0.83910662952018377769 
0.08977360632564956866 0.91022639367435043134 
0.10572845901511249145 0.89427154098488759182 
0.04462404836330931268 0.95537595163669064569 
0.15796673182901188603 0.84203326817098800294 
0.38046472415546667145 0.61953527584453338406 
0.14829996314316468142 0.85170003685683526307 
0.10696083999812584786 0.89303916000187422153 
0.80813751503442932123 0.19186248496557065102 
0.14501064327213469829 0.85498935672786524620 
0.49888919372569284771 0.50111080627430715229 
0.78203189983444942879 0.21796810016555054346 
0.04042926657580286909 0.95957073342419707540 
0.06604057413729504111 0.93395942586270497277 
0.99999999900000002828 0.00000000100000000000 
0.06692954126969258288 0.93307045873030747263 
0.80257360326531879124 0.19742639673468115324 
0.09550957496607631603 0.90449042503392373948 
0.67128883048017207180 0.32871116951982792820 
0.80499666815679871146 0.19500333184320134405 
0.99999999900000002828 0.00000000100000000000 
0.70954940662932619588 0.29045059337067374861 
0.16480672633499696134 0.83519327366500306642 
0.65274894732555077681 0.34725105267444916768 
0.19182906145553457744 0.80817093854446542256 
0.27808361250696322919 0.72191638749303665978 
0.61598991476262721090 0.38401008523737284461 
0.80274002906683383785 0.19725997093316618991 
0.63384678417488715674 0.36615321582511278775 
0.45629670270003686028 0.54370329729996313972 
0.31125730810493557055 0.68874269189506454047 
0.11331177622537791372 0.88668822377462208628 
0.99999999900000002828 0.00000000100000000000 
0.72513236924896484759 0.27486763075103515241 
0.12924578420434779114 0.87075421579565226438 
0.99999999900000002828 0.00000000100000000000 
0.12562414213490763482 0.87437585786509230967 
0.99999999900000002828 0.00000000100000000000 
0.91274127681456795891 0.08725872318543202721 
0.48691938754252667154 0.51308061245747338397 
0.82100375637976863441 0.17899624362023139335 
0.16920551406308600995 0.83079448593691385128 
0.47640565414826735458 0.52359434585173258991 
0.82824823428836413797 0.17175176571163591754 
0.26651150659261224618 0.73348849340738775382 
0.99999999900000002828 0.00000000100000000000 
0.16423274214573421736 0.83576725785426575488 
0.09686720406998867994 0.90313279593001138945 
0.14661467954508367040 0.85338532045491632960 
0.37685442215645159614 0.62314557784354829284 
0.00000000100000000000 0.99999999900000002828 
0.80985028470529685229 0.19014971529470317546 
0.11011538511768569071 0.88988461488231429541 
0.17371462470781426357 0.82628537529218570867 
0.00000000100000000000 0.99999999900000002828 
0.11332045724149011900 0.88667954275850990875 
0.00000000100000000000 0.99999999900000002828 
0.06235072965199342510 0.93764927034800671368 
0.00000000100000000000 0.99999999900000002828 
0.05700124063391920348 0.94299875936608079652 
0.17246125470838971627 0.82753874529161031148 
0.11440315162939800053 0.88559684837060204110 
0.06342984911101476331 0.93657015088898520894 
0.12191351877261522030 0.87808648122738475195 
0.00000000100000000000 0.99999999900000002828 
0.00424883450240979340 0.99575116549759024043 
0.10148180933157618933 0.89851819066842386619 
0.16019972021473025126 0.83980027978526960997 
0.16718776537853510811 0.83281223462146491965 
0.15043997679900789066 0.84956002320099210934 
0.33476253351379603451 0.66523746648620396549 
0.56507124124774366081 0.43492875875225633919 
0.46585691971835446745 0.53414308028164536601 
0.25747452631561046354 0.74252547368438959197 
0.24578998805400562033 0.75421001194599446293 
0.08662903799331175825 0.91337096200668821400 
0.45933149673855583339 0.54066850326144422212 
0.00000000100000000000 0.99999999900000002828 
0.14043864355705024116 0.85956135644294973108 
0.00000000100000000000 0.99999999900000002828 
0.99999999900000002828 0.00000000100000000000 
0.12823244771521535856 0.87176755228478464144 
0.17534878950233467876 0.82465121049766532124 
0.01612167275066372571 0.98387832724933632633